$ANSIBLE_VAULT;1.1;AES256
66646263393832326564303437636564326262666539323931353463373965356630616561323533
3834623631623965653339323463326461386136303234300a303564336264623438656232656263
33323336356532326535386361363236613466376636343734663564356632353662326438363537
3534306564656336660a643539383032336161393065623665336637623133656365366465643164
62323035363138333337313239633132393432393965653030333136333634306439613738393965
35643662643938396164393436626534643137613530353135343430353361316262313236626461
61306639333931623531656139353434303066643263636430373538363664353565336437663431
62656562326131313031373035303838623464363631636363363237333564353862353965626338
63633463613734323636313733303564643063353032303139323739636663373836343836323662
34646565363534646331363366396461643231333639313566333035313930303435376262643836
65633164356531366366393965306436646633336234643337363563663636376231633961313364
61666163363761306265626237653036373066386134386333653061303739336262333265343138
38613065366564343931623865643936303261356131653531346363363936616263376535323635
32366538633066323033336363343438323936646434306362646661306562303430663336633339
31653835386434396638613135333033653830623137303162643730346636333237643238346266
63373635343766643266633330663236323665646434376439366139623933343961323862663136
66346332303065666131393863653166613066333638633437663963303735613533366666313937
64383936633963663664333262613664323232313463396139626635613331393431316233386164
33623334376136353339336331666464633334373333636330346335366432363235396464376266
32643834643764626661353865333236313733663433643362343961373234326661303666653134
31373765333861313164626434313636653161336531343066343539346631633436633632363133
35383730356561636664626336303933396233396665353332623061346632333331353965313336
33613230363031663562366361373036323436353139633637346636356133666238303662616638
31633464343633343136623763663132346261313061356565313965613263373438386634393366
34616132656165373830336365363932353631373262313330316139303265646632663037306335
31343064323762623065653038393230363765346364396637336536646438636135376334656166
36643237346164666432313161653833353431653635366637383137646461313966663166326266
30306539626236626262636264616162383630336361363932343231353037653838633538626461
61343135336434643730316239666338633662346539383862616337376135366332363662636665
37633463353435323662623432326635366334346238653536303363373361373864613466373563
61653232353065373763396432323962633265373530363266353863643732623263363139393332
38313639376561643461613733396337303939356264383736363833613966613964616666333634
64373234316664396464613932333834663362626435346433343737333637613133313037393338
34633035313438313662633639316436613631633739616563333636323237653035626466633166
37656131663065306237376530336538653638366238346664613635623135386230333338316562
37333632633465636232366364303137613633333533343831666330633261643662376562366266
62633833613736346233323863323932663633393230653866656461316337323564303130336538
32343237623765656438666265366132613963376462386531373362306132396232663936636232
66623239393738633534343762376430346134633737633966653963333938636361613963626332
38336464653934393361623330366635633333396463343339393365663264333266646638353233
31383230666339626339343463323765323561313332363634326638333036656166633539396532
33363034353565656536333037643033666462313139383561643532653837623336313263366134
39353931383564323862303633323431636635636338643861623335623165613466623934396330
31663065323030656163383739363236636164636632323266613462313363666432326261393334
38346239633934346638353065626332313266383933663034323437333565616535326438613666
33333366363166383139346261623236643338346535313234613862353437383239633336383737
65613665613330633935366265616337363665633030353535623531336538643739653939623232
63613333666265346566386664323261333161613733313366393133333736666665626536373338
33313838393934313963306137616635613739383262323736373065636663373634336130316538
66616437633636636166623962383865326163326633366334316334353736363564386430633661
65306266316235366439373662366136383931356332323138643730623432653566386134633066
30346138656139613766393736623563666137626434303837316130393836376466363035333636
64383066646331336561653263643939343339393461316163303464353063303162666435343431
34386335376465376439393165613330393664386462393434316331323639656337373135303732
66306163316531396562623838303661326266333937623639323339306265386265653466356337
38353432656438636666663937656263313162376133653163346336326266376335393035346663
30633466373333383964346338366237306562363963373434636166306435633264323435393837
66356134633132373832353130396434313964373633646366346264376238393035393663343332
30643661326135336363323435343064646661353339303631633230646663623731623934336265
36343830363163616264343261376466306439373066313335613332306433303030393539636533
34363637343663383736633437663866376564616266626134326662316339336563343135336338
36303433356264616264336264393664323433613164393831363861333637616265346233386465
65386162373464333464346565323831333065386638383437623465313830653961343031366631
37353737313362633338383862663437656232376334636131626336313837343332346536333165
36303231393939636531643732646166393433383664383164336465633066653264316561656465
35613735306162356364636531366664613564393962303839343831323732333566396566393537
66666366386661393261373861636339633666636333383434373963643935363638343536366661
66653263316563643437666433613763656463356364623338396434653630343739393361623861
35376261333730363166396361653062356430663336396137633737653437636661303131323034
64366661643861393362386333313233363835363939643036636636653466613561383432336437
66383133616433326664616464356232346336353866303532643539316536306534313735323538
36316339326136373136646365353461353231643635646464386238326664333431333364333965
62313138653066303431343831363264623037326638326438353065653763363738303232626566
33306266643531316438386437616436633338363238616630353935653136666331653763393861
38363736303533393361353962353830633739393666643065383332633262623238376666356239
38643563646639363238643633663539323865383330653162633761323566633030356163646534
35663964333031316161326261646431613339633438646437643536373732623938353365313538
34303432313331616431346139613663343637663762636339646464353466313661386666383266
38626239313337363737323766333738386663616138363536343266616434396266336230353465
38326234663761356561373536303038336432616537353733633762396132343664643239626662
37393133636331353632396430386138306363393064616330613536353030313538316336323063
32663161393233346465326366393634363139323338376562643963646632313436613661323338
34343364616465626234386461356162316661323931623131313233373639303931303966373261
39386332323132366437616161303234646264373761393136626466653137376164396261613435
61663933333961346235666333653035373530663063393666393339363039633961613761633463
34313130313766313433616238636236353832393464646562646666323830333132353230336332
36643238323335653132376235326439616238366239666666326637336337623162343262373834
61323434346431616435366533303430613739343061323838626335613335663766663564366431
35643530343235353763313633383135323432666265653634663064346139323862373366643132
63633865353538323537656433306331323265653835646662366238643031656539323937616137
35333234356136306463333038613831383363663531316262663037346462323864343263303766
62396434636363313834383434373963323434376662306532643638626333386164613761646563
39636436326232666132653536393636366464303763393233303130363033626637316663386164
33643166343934383662373635616164306334313332333964396465393031316633373939363963
66396238383263383762323438636435343535353839616338346637646565613430303661633432
33383233656530616536386637343832336334313135313831613739373732636330656638373964
62343639376339386335303132393266363266623737363133633134656461633338636431353039
38373361666133353333613136653262383734363037653830613132643361373665633461316531
34326534646562653664353038633831613938333862623365633164396361643236356165333133
34373337653331396662366365386536653165303132383732613931626664323431653961383363
33383533386230343064666236376533353365303335623962393066323761313933616136336130
35333861383439356361386136663834663335663937646535376130316465636563363830316164
33353731663838666538366330303066306433346139323264396361316536343464383461333832
31316438336232303730636431363662333436363735336239633961333961366466336663633630
36656265336530343230623464616234623866303438646437663164613631383431666530333239
39653664376662356134386161313836663236643362666336396134616261653135383339306237
35336439356531346539353831623135633035376339313566343730633133346535353763396563
35356530636663386534666330653762366130633464613634343739366362366436376239346330
31303435383432306639326564356636346431393838316330343239323531323635663362636261
30356462346632336566666561393962636462313561646564373063383135643538323833366335
32303933306633653537303436363465326531666138653161313531326639376630313662663636
30396334303736633037613432343231373230336166623339383033353237383462383538646539
38656636633537643535663361316664346230653836613232396238336330646563616137373966
63303061323633393330356535333865646336343134306139636162363064323332323233303062
39316431356534663334613835323362306539396163363437346532303364663062343931363931
39643236663063333135343636663464343230643766613932333639303466313332383933646165
31663835386461343438633963343266363330303863326465363433623963643836323364663531
35353932313365363138313131363065306634383235613637323435616339616432646237303133
36616138393637643034303938626235633666366338366532316339376134323964386436383230
38616336623937373964313965363765366139356465373831633638393139373334633332623838
36363462323464373338636165353030623762323739363835396232613037626637336238363635
66343162303764633936666235323362313034643731663965346238653766313364373235333064
38633139386133343261643437356138623737313637306431303238643163356632316237653865
39326230383066326666353463343933666136366362383563303238626263653937393962633937
31393336356163663036633637306631643866366663363334396239336263373630656465316163
66636166333463393630663565393035393566363162386562383564326361356435663663373366
64616232303436373039653664646161646365313236656234323962346239303332363931323436
35396364356439343664396431386239353364303330323936373433383032613235393431646666
31663465616531363964316530623365613662373563643764626130646436616664623763353134
34666163623938613736646634396564623364326663616230663037656236363665333066633732
64633437643738616361616364323231313131666132393434306639663132373931666361643832
62663263366436323966393966623733663136396438646434363234666263336135313232666432
66636233646536363362333565643237613331363661326662663161323734633736383661613466
64373961383766383963303431393831316631626434643364656133323835663333363530393434
38383063646265616363636532343031383338336539323961613637643564343132353733613764
37386631323764636632623937663664396334363739323665393035336432653936666536393132
37663937313365343565393061313233626636303139363332303939663562663964323264653534
39303665653837373663303934383138326531326136616562353236643136306534363461303534
39626437333636353332393731336166316438393232383737623366396266623332656365653539
62333962303936343433636162373461626662323838346133663833316462356235393632613161
66313731363730656438393038353437663734653865316532323132393864663334653461313133
31383663373732663530303065633639663133656562323966633665313463663335383435386235
37646335633433356134303334656333323661623238656332626533313839636636346233643330
37663433303336353539303664643933313837306236363730373261663131343733346433613438
39376138313233363866363366336437626138386239353464303934303638313435613763333066
30343663626564326131623633313563643638623565643139613666643662346363656532363435
31366562396463323435303339383362393765336362386239353237396461323861316330363064
66356533616532323539653736363539343162343233366462353137373831636638336435383963
37666539303731373761616664633238623664393736636663343330663362626330323166386438
34653230613738333161633134303338666339633363313066383731333832616436656434393139
30663235643465393062323362663833373035363864393261326238633832663931343938623561
64666661313738353734616366323061336631356130626332363237623332343463343562323861
63346361376164643861656337663161656266386565303635383634353539373436613061313030
35636565383033386231353665313436313064353934353666343661303065326331643737343539
32356235386236653361616332663935396161376662366262346330383537623135326634336533
37653435383065386530383264323331666433306361393563663164643630333866386130323462
61376335383537343562313265336233616463386466346661323030313739663664306365313630
62356134353833336230653637616533316332343036373033666232636461623962313531393334
36373334336363663838323330326634396661323335313939396532356364343235643464303634
37383936303331393433666235323331346230613635636465303630306535346330336663653235
36613438393663666633633836663261306665633464323862326161336537633765343233653637
63333732613735616361303838353331343665643437353066356266666134656639306132636139
61356439366631623934303431383363306437396431653662616266613766646632363435306334
33313931636631623738643630666465636639383566333336613036393561303830633731663733
31383338663736383830643534653165326632316663643734323666396433353461336630363435
32336631323263623737363366393566656561393936346330383264326265343634343733616336
35393636306566363731303731303637646436356436386631626130363663626337623038373066
32663231666433376136393334643632373034356666646233336236386434626438353263356464
64383635613632643432326332616164663861663231616233643339646631656239363564333235
64666434666435653032656463323966616334623533326236623935353562666137326133323633
32323534353131636531336262363861646235633832373539323766646434626138353437353766
30336664666338363735376164633238313361616236613437376365306239313263363837646434
66623461393633613764353938356562373634663034326164386163393834356361656131306338
3834393330306237386466393533313666396133336363626436
